#BVGraph properties
#Tue May 29 00:53:58 GMT 2018
bitsforreferences=16171549
avgbitsforintervals=2.557
graphclass=it.unimi.dsi.webgraph.BVGraph
avgdist=1.883
successoravggap=291427.027
residualexpstats=5598210,5253627,5067251,5298966,5604551,5930791,6123116,6245950,6247899,5867141,5244301,4474067,3454425,2825080,2727484,2980740,3856483,4564613,5218722,4889956,3421100,2064458,1506856,449345
arcs=128835798
minintervallength=4
bitsforoutdegrees=42703927
residualavgloggap=10.264049904121366
avgbitsforoutdegrees=7.603
bitsforresiduals=1595972799
successoravgloggap=9.49042047921706
maxrefcount=3
successorexpstats=12815146,7960340,6726696,6518152,6683752,6881401,7161610,7243759,7112610,6730169,5944814,5019285,3912282,3163824,3001034,3278929,4246548,5016110,5772975,5460083,3830334,2279597,1599081,475971
residualarcs=104916960
avgbitsforresiduals=284.147
avgbitsforblocks=13.533
windowsize=7
residualavggap=328687.004
copiedarcs=21062172
avgbitsforreferences=2.879
version=0
compratio=0.7
bitsperlink=13.546
compressionflags=
nodes=5616717
avgref=1.341
zetak=3
bitsforintervals=14362971
intervalisedarcs=2856666
bitspernode=310.72
bitsforblocks=76013782
