#BVGraph properties
#Fri Nov 19 08:18:45 CET 2010
compratio=0.121
bitsforblocks=883924
residualarcs=282035
version=0
zetak=3
residualexpstats=45960,26388,24855,23734,24237,23749,20612,18653,17491,14806,11193,7911,6689,4205,4103,3005,1661,117
avgref=982.749
residualavggap=2129.435
avgbitsforoutdegrees=8.482
windowsize=16
bitsforintervals=248138
copiedarcs=2659236
avgbitsforblocks=8.839
bitsperlink=1.58
bitsforresiduals=2500451
bitsforreferences=339392
avgdist=2.444
successoravgloggap=2.375632442516764
avgbitsforreferences=3.394
successoravggap=1009.357
maxrefcount=2147483647
successorexpstats=2330932,126969,70110,60570,57814,53375,45013,41464,44073,34989,28406,35029,40131,33459,23336,16005,6547,1025
nodes=100000
compressionflags=
intervalisedarcs=109344
bitspernode=48.201
arcs=3050615
bitsforoutdegrees=848162
avgbitsforintervals=2.481
minintervallength=4
graphclass=it.unimi.dsi.webgraph.BVGraph
avgbitsforresiduals=25.005
residualavgloggap=5.545968023382915
